$ANSIBLE_VAULT;1.1;AES256
37336338633034613533356166336664396331303535333936323733383133373634643238613262
3439383965613437633930353665613133346231323334640a333238613764633236653430303834
35646231383166323132326634303731623961373766333835643133393230363338363435663665
6662336339386465640a643663396132666464316538323664323861646633376133376631623963
66323263643066333239323233356539353865393336343664626630373935653137643964313431
63303439333265626137623733316635633138323265616330653766353431353732323561656665
63386265373235316661313061313931663361366236323561333634313030663735346434653038
62333232393765376532356431613430343962353363393938333231613861623366343134313231
32353762653662323364323230376432636462626634333630616538336636323065643536373765
63356462346638383461303239396432663161633366343366313063646631633966663638643465
61373537386533643562623138643232663630653961336137363137383831633562653439666361
37626361396463663736386430616361626235666562616263313464653936643133316466633432
36363136353235653563363463353866316163666361316437396165306465653835363932393262
61346364663236666537623738316430313430613861396234346337303366396536633630646132
32653662343538646336373435646634396563666262333162303835653733373531653964373939
30613930393466323863663839396431313537396238616233306661346631393033346437646565
63326566353461626564343439383032633565313435613961653338353364616136363931346538
65346538613366373730363434366239356666626262663836616139353032636232346464646264
32353262383638373130333230373931656561343731663961386131326431653364326136333438
35393733323563373364316632303338376239663031333235653130613338636134356261633866
37376666366333656463376530636432663462353565613266363436383565633339346434656436
65646231333532346135653536333566333537366138633961383165336433343766393332663132
33316466313462353266653965313461336233333031386538353664666631316463363061376132
38646532393337343630363337656563653762636664343430663039663032643136653964306166
34346566643464313530313235323336356266376135643736356431623562306561646538346239
37316239326465353537303133623662333332303633653962633237353139323430653738303537
38633966656638303735666430653962396363303937313734316237363561303363663961323663
30636465346237613534383038636333393530343633613635623839646638376235646364616663
61373766623965303032656435336162393564346464363731323539343336366434346435663861
30643730333966663434613530323263373036656436656465313765353566356332386238623137
66323739633763336465633664616161393132353331303933303031633261343861623436353262
66366364303464646233343232346163636665323134346565626236383164343638336365666362
37643162396133316137313237653963626436336436656235386163313065653135323266623731
66653738346434323766333863383563626131393766373834373131386234663366313430613261
66656132336437656334666639363332336431393134393433623932353931363130303065633064
35343438626330666333396133633464656562633832623135643738336531393266636462643435
65396661336335363764626530613132623862666164313664353061393932396166383131616232
62363766346562306332313766323830303737613963353135643563386361643437646161623164
62313030393764366239353433386334333338356463323333396263393733343734343239623235
37663638616265373039356164623139306663636165633238393261646637343837333738383866
35646537646639383939333864313132633937316335343066353535336138303965353033353038
34656637626165303037333962383532313966383461336163353863633532656435626438613939
63303263663035633834373962643663333534356434643965316333386636626266366137313439
64623835666337663631343565623833393139333738323433376336363865343934383132383365
65353864376161616237326439333130663836616164333630316334636131356432336637653664
62623939393838636137393239343937316364393134313936306664366639366466303862613438
33393337383562623830303034363039326138353164386539653464306465303931303934383339
31363131636239313439666533363538366537303134643766666336353464383937393431386333
30326538326437323931643939666233366532393563626531366662306638396333333238613863
35373831333736396537386332316437393439623039333531633331363738616230663734373937
37653331623339613038336337656162386234656462303130346437653133343833353039343361
65653961333933366263306464346339383637356330366561303965636565323662323432393534
32383664646331313732333136633737333037636130343031653866333535353563316463363131
33656634373363383461363939663165313936383139656466656335363364633864643966393530
66316462356264363639326261323338343739633537316538386337306130376662366563316335
65323764643338383637373965326339396230383063386431306266353566306238353634353761
36626632616461353637333431623136646336333064333639623039386639363463353536333037
34623838653237353537633732623637663164383466313732666263386361346534363966386663
66616465326562323666333035623434393332323831343733343633333166336633383766363938
30363964326232373037356139343130323036383134336663373233623537346339383066356138
64333434626534616432646563643733646435303363626434333030613562356665633433373031
66373431353761623766303330383938306134393663333365306363383737376261656138316533
61623233376165313965643337633366383631346439326539613265326638306239326432376163
66303236663039663361643035613562386266636165326432626132643833343764393536636665
66353634656266636662306166616138636135313762373137353763643637343838643763336130
38373533353036666631386538343936303930626430373435353434623333343738353964663032
64383764666338613665333038663839636563303638373263366436376138626530336663323236
35303735313436376239656139626437663036613566363136373934663136633432666166313932
30613735626531646331653939616336396163373638356530323862306631383862353561366165
66336539636430376334623433633133336135383931613933393061646131333336376462646164
31383262313134666534653434373333613435393437326535343863663638343738353037663032
65663962643337613339343137393033383136386533356435373630386234646362316537303363
30663961666666393765383735616233326236306665313636613564313062306164643734326330
65373666366636616339663238366332313865303065366663393866303064306136663437373937
62363661383262323930616139646631613437626165653831666532656234333332633937363332
33346565383264636139666464343230616463366661613963366332313261303338313330626134
65326134336531626434663463376231663137646563626538663864663837336161626330616431
64623664633164343937643931613134373238663935663436656336353366656438383032376263
66363930393730633366343230613830366335336339363534663966616162656632346137626637
34353531663330653963333762346161656337663434303563636163383532636539323533396461
34646631343633313461646532306639636535346465396530393436666134316337363061386534
63643766626566376336633832316137643366636537396265353462623436303033613534643439
39366563663138306163653161623965616266653531656438616663303063306432363535613762
66333863343533653439376231366439373364366439653864643565623836326666666366653761
38373563623262386538343461363066333537363734386235643433386434663930653133363331
62343762346234326262653763386132626536653833636261643066666339383734366266386436
37616563663566626336383833653133313866353263363731323765336362633631373433393033
39633761663261363762353536363663346163383930386336653035643864626638643466643736
39623530363763343638306438646166623636393063353363633434383536623733306463383538
36613563643934646461333636356234646138323439383539646633353363383634353765343866
33333731363365363931653662636365306463636637373066393661653837393663666635373535
39346134323331356130356436623936313364666363643736386166653161666263313639646565
38303539353465373664396666313433386439616536663863623433303537626364666637653464
63373361633331646162363432636562323566626161353838613664666637303865346530343434
31386362383635396466343164343430363761616130383036666234353364363738333637306262
64363363353635363430663165346436373031616461373832383532656232653832363763303163
65363033663262306562646662386432356130613564613337653333303666653536306263356434
66343233313666333263363564343333386566333933363066303834376262656666343837653639
30636531643864656663383230303830663363306235356232326232323630663665663030366638
34333063373234353535306439636136303838326461613163303535636234376661363435316437
34656535316662343332383162386432643430653864633538396137653365616636313530643436
62633636396333663333626330653661363839366562636432363034323432623661313562346234
61313333323131636566383761313332653864343339393435663434623132366134626461653031
38666137643261303839376330616363623263386139316138626261613738353034393436396639
30656439623063356638643864616466333036626666376563333866313137383031633736663535
37666135333936633232333966313930643939636633313663643037626535653361643365313238
32613334626539333063653932323330623665353038633664636634633861386537346465616138
30363833356662633937623630376132366339393032663132336134613734303534316637626465
35393462623232356261643739653636373162373431626339393136616138353963653661323732
38386666316263656665653336626163376337626132323539633739376437373236323366343934
63373936313038383962326464383035646164636137613836333033633834623739653337383763
33366139383230633861373866323062396133373331386231653934313165613764303536396431
64366261303231316263643365653931663962356632346264313230666364303139383938336565
63383566303566356562623239323963666236303365626564373739633962306433653462373862
30616636626165646463326266363161353237306435323132336530613938643662633836666466
30396437313831333163366537626662636238326136383431336531353463663039323166323335
63656561336238643531343662313437383763303536613065326464306563313061306362646534
38646532323131366634363336386631663061313264613061663539346132623664396330336533
61363132663137336232356161643962316236666630313638313335666130653835346339653632
35656435306364393233613238653630376161376233656630333737656336343961656133353233
39343836613030303731613035393033633035343337326234663537626461346130396439353931
62653064666264613830663331653265376538326330316361653436336239306162633365613366
37646336663633353037353266346337363364393230656565306335313432363564376265633830
35656639633633656337646531633839636334326564376161393131613263333961646636383965
64366137396464323930333537313830633038376139303563323634323831666238373561643037
31346563316434633434633630346331303437666164333537356338323164336233323461616639
63623231303734383062643432303432383834323333393932663239343262616230653132633161
30316431386239393666363139666137393833626461383032383134303437306234613331303539
39316139643062386563326535373933616634663231323765376332396432653739373766613833
38363636356535373833343937623361323735363430363163356166383966323931373664386361
62363364346230353466653037643865636662666364323739396163616166383439313037313463
62383962393164333064363839336637333231316261623834383036613730663335613964633732
34343036643663393065313430666561313361393832363963316234316365313964356433393763
38646530343536313465653932323635343837633637356339383162366463666632363238333266
62663935383830663634623766323330666265326237366136613032303661616539613565616337
63313937303562353838316531623362623631393363656633643463373033613664333630643563
62363232393331393139643930636232343331383036396664396266623833613136376536376132
37393036316531346163303035363731613938613861623731313630396466353236623832626461
63366132623535633036333436653035613265623636366161306161353534313333623166663330
34323066646464656165306531636562326163633262333331326163336232313732663864373266
36393366613632346236373633383937356638633466636632616261623666363865616435303165
36326239366432386235373162643533363932626463626536396561623863633035663438666663
61626461356134626630656162373036346438323539633639356366613163633831346366653732
32646134613762653938626533363863333363623932356336313061616639343232323264303436
38306339666230653335326265313538623839386134313835363233653866393139383437323663
30356637373063656437643266316263616135323831613731666437653036373536656436653764
37623665353934633462313865633634363032656463336662323263373738393339616534346538
39663831663539306437376332306436323331646661343630663634663834316237616638343263
36623737323761353061353939323662323338616231656265333361346262326131643963646566
66623337636634353165373163356332623734326530666634396137306332616338336435643638
34343430653737323331656365663439613562623336343034323464663965366138336565353332
61653830636331303235636162326661343963626130303464666134653238616231613933326565
65393563616238646363363934663836316164636262663836636262333661373238343861326137
32616465323564346566336233356531643338653962646565373037343766313165343433643335
37313835306135613565646635636563373237363837666539393966626134623937383332393934
30323730353338373566313038343237653239363462356466363732316133666462656261316462
33376665313931353736373837373963323566613730323330386634316239643534346336323861
37313837336232353662376637656132333262303734616536656636363263373663653433363263
63653936343763363238356131396364376666366665323732366637623762373662623566663837
65616433653430623039323538316632623464636139326130626133613030633464623964313335
38303362396163383636646230323731333638633130323365333762663230376638623333646166
37656166366338333663373635623637343732623230343933363631313464353730623433663938
35336264636464653738363330656162656238373137616161313732636266373638326162343834
37393735373431393936306565323538376632303337333533396161366165303531663866323662
34303837643165316263373361356566393537656231623364663138356163316438623832613932
66333865663733646135643739363837386238373930383030383236643765376238343634383230
33333463643131383932353538663037643736316639623964653264393931653362643331343032
30663832633531626461336364363439306639666338396565633963333836376636633361346562
37666336343439643930333437373330356465326664333361643966613930356235346261656138
61383564373362633866633761363835303764663939623834303963396235316165373663636639
38353339636265323166623161336461366361353632346130366531306163613434373264383961
36323130643038623165653866353033643862366536373232353461343664376165313439353236
3332
